Enter the number of decimals to calculate to: 3.14159265358979323846264338327950288419
7169399375105820974944592307816406286208
9986280348253421170679821480865132823066
4709384460955058223172535940812848111745
0284102701938521105559644622948954930381
9644288109756659334461284756482337867831
6527120190914564856692346034861045432664
8213393607260249141273724587006606315588
1748815209209628292540917153643678925903
6001133053054882046652138414695194151160
9433057270365759591953092186117381932611
7931051185480744623799627495673518857527
2489122793818301194912983367336244065664
3086021394946395224737190702179860943702
7705392171762931767523846748184676694051
3200056812714526356082778577134275778960
9173637178721468440901224953430146549585
3710507922796892589235420199561121290219
6086403441815981362977477130996051870721
1349999998372978049951059731732816096318
5950244594553469083026425223082533446850
3526193118817101000313783875288658753320
8381420617177669147303598253490428755468
7311595628638823537875937519577818577805
3217122680661300192787661119590921642019
8938095257201065485863278865936153381827
9682303019520353018529689957736225994138
9124972177528347913151557485724245415069
5950829533116861727855889075098381754637
4649393192550604009277016711390098488240
1285836160356370766010471018194295559619
8946767837449448255379774726847104047534
6462080466842590694912933136770289891521
0475216205696602405803815019351125338243
0035587640247496473263914199272604269922
7967823547816360093417216412199245863150
3028618297455570674983850549458858692699
5690927210797509302955321165344987202755
9602364806654991198818347977535663698074
2654252786255181841757467289097777279380
0081647060016145249192173217214772350141
4419735685481613611573525521334757418494
6843852332390739414333454776241686251898
3569485562099219222184272550254256887671
7904946016534668049886272327917860857843
8382796797668145410095388378636095068006
4225125205117392984896084128488626945604
2419652850222106611863067442786220391949
4504712371378696095636437191728746776465
7573962413890865832645995813390478027590
0994657640789512694683983525957098258226
2052248940772671947826848260147699090264
0136394437455305068203496252451749399651
4314298091906592509372216964615157098583
8741059788595977297549893016175392846813
8268683868942774155991855925245953959431
0499725246808459872736446958486538367362
2262609912460805124388439045124413654976
2780797715691435997700129616089441694868
5558484063534220722258284886481584560285
0601684273945226746767889525213852254995
4666727823986456596116354886230577456498
0355936345681743241125150760694794510965
9609402522887971089314566913686722874894
0560101503308617928680920874760917824938
5890097149096759852613655497818931297848
2168299894872265880485756401427047755513
2379641451523746234364542858444795265867
8210511413547357395231134271661021359695
3623144295248493718711014576540359027993
4403742007310578539062198387447808478489
6833214457138687519435064302184531910484
8100537061468067491927819119793995206141
9663428754440643745123718192179998391015
9195618146751426912397489409071864942319
6156794520809514655022523160388193014209
3762137855956638937787083039069792077346
7221825625996615014215030680384477345492
0260541466592520149744285073251866600213
2434088190710486331734649651453905796268
5610055081066587969981635747363840525714
5910289706414011097120628043903975951567
7157700420337869936007230558763176359421
8731251471205329281918261861258673215791
9841484882916447060957527069572209175671
1672291098169091528017350671274858322287
1835209353965725121083579151369882091444
2100675103346711031412671113699086585163
9831501970165151168517143765761835155650
8849099898599823873455283316355076479185
3589322618548963213293308985706420467525
9070915481416549859461637180270981994309
9244889575712828905923233260972997120844
3357326548938239119325974636673058360414
2813883032038249037589852437441702913276
5618093773444030707469211201913020330380
1976211011004492932151608424448596376698
3895228684783123552658213144957685726243
3441893039686426243410773226978028073189
1544110104468232527162010526522721116603
9666557309254711055785376346682065310989
6526918620564769312570586356620185581007
2936065987648611791045334885034611365768
6753249441668039626579787718556084552965
4126654085306143444318586769751456614068
0070023787765913440171274947042056223053
8994561314071127000407854733269939081454
6646458807972708266830634328587856983052
3580893306575740679545716377525420211495
5761581400250126228594130216471550979259
2309907965473761255176567513575178296664
5477917450112996148903046399471329621073
4043751895735961458901938971311179042978
2856475032031986915140287080859904801094
1214722131794764777262241425485454033215
7185306142288137585043063321751829798662
2371721591607716692547487389866549494501
1465406284336639379003976926567214638530
6736096571209180763832716641627488880078
6925602902284721040317211860820419000422
9661711963779213375751149595015660496318
6294726547364252308177036751590673502350
7283540567040386743513622224771589150495
3098444893330963408780769325993978054193
4144737744184263129860809988868741326047
2156951623965864573021631598193195167353
8129741677294786724229246543668009806769
2823828068996400482435403701416314965897
9409243237896907069779422362508221688957
3837986230015937764716512289357860158816
1755782973523344604281512627203734314653
1977774160319906655418763979293344195215
4134189948544473456738316249934191318148
0927777103863877343177207545654532207770
9212019051660962804909263601975988281613
3231666365286193266863360627356763035447
7628035045077723554710585954870279081435
6240145171806246436267945612753181340783
3033625423278394497538243720583531147711
9926063813346776879695970309833913077109
8704085913374641442822772634659470474587
8477872019277152807317679077071572134447
3060570073349243693113835049316312840425
1219256517980694113528013147013047816437
8851852909285452011658393419656213491434
1595625865865570552690496520985803385072
2426482939728584783163057777560688876446
2482468579260395352773480304802900587607
5825104747091643961362676044925627420420
8320856611906254543372131535958450687724
6029016187667952406163425225771954291629
9193064553779914037340432875262888963995
8794757291746426357455254079091451357111
3694109119393251910760208252026187985318
8770584297259167781314969900901921169717
3727847684726860849003377024242916513005
0051683233643503895170298939223345172201
3812806965011784408745196012122859937162
3130171144484640903890644954440061986907
5485160263275052983491874078668088183385
1022833450850486082503930213321971551843
0635455007668282949304137765527939751754
6139539846833936383047461199665385815384
2056853386218672523340283087112328278921
2507712629463229563989898935821167456270
1021835646220134967151881909730381198004
973407239610368540664319395097901